0.00, 0.00
0.00, 0.20
0.00, 0.40
0.00, 0.60
0.00, 0.80
0.00, 1.00
0.00, 1.20
0.00, 1.40
0.00, 1.60
0.00, 1.80
0.00, 2.00
0.00, 2.20
3.00, 2.40
2.00, 2.60
0.00, 2.80
17.00, 3.00
13.00, 3.20
7.00, 3.40
4.00, 3.60
13.00, 3.80
31.00, 4.00
30.00, 4.20
32.00, 4.40
33.00, 4.60
33.00, 4.80
45.00, 5.00
51.00, 5.20
50.00, 5.40
58.00, 5.60
44.00, 5.80
64.00, 6.00
65.00, 6.20
76.00, 6.40
63.00, 6.60
56.00, 6.80
77.00, 7.00
98.00, 7.20
102.00, 7.40
104.00, 7.60
102.00, 7.80
116.00, 8.00
112.00, 8.20
101.00, 8.40
116.00, 8.60
107.00, 8.80
154.00, 9.00
149.00, 9.20
137.00, 9.40
144.00, 9.60
163.00, 9.80
202.00, 10.00
185.00, 10.20
183.00, 10.40
173.00, 10.60
178.00, 10.80
210.00, 11.00
183.00, 11.20
184.00, 11.40
232.00, 11.60
232.00, 11.80
323.00, 12.00
271.00, 12.20
308.00, 12.40
318.00, 12.60
268.00, 12.80
325.00, 13.00
353.00, 13.20
363.00, 13.40
295.00, 13.60
315.00, 13.80
418.00, 14.00
385.00, 14.20
430.00, 14.40
425.00, 14.60
456.00, 14.80
551.00, 15.00
502.00, 15.20
488.00, 15.40
512.00, 15.60
483.00, 15.80
596.00, 16.00
561.00, 16.20
588.00, 16.40
611.00, 16.60
585.00, 16.80
717.00, 17.00
702.00, 17.20
643.00, 17.40
702.00, 17.60
655.00, 17.80
774.00, 18.00
722.00, 18.20
735.00, 18.40
748.00, 18.60
755.00, 18.80
881.00, 19.00
881.00, 19.20
897.00, 19.40
922.00, 19.60
882.00, 19.80
922.00, 20.00
969.00, 20.20
931.00, 20.40
922.00, 20.60
948.00, 20.80
1028.00, 21.00
1102.00, 21.20
1058.00, 21.40
1085.00, 21.60
1062.00, 21.80
1079.00, 22.00
1141.00, 22.20
1130.00, 22.40
1045.00, 22.60
1087.00, 22.80
1246.00, 23.00
1243.00, 23.20
1244.00, 23.40
1195.00, 23.60
1238.00, 23.80
1444.00, 24.00
1306.00, 24.20
1328.00, 24.40
1317.00, 24.60
1304.00, 24.80
1395.00, 25.00
1346.00, 25.20
1402.00, 25.40
1460.00, 25.60
1425.00, 25.80
1483.00, 26.00
1516.00, 26.20
1553.00, 26.40
1563.00, 26.60
1524.00, 26.80
1571.00, 27.00
1594.00, 27.20
1553.00, 27.40
1529.00, 27.60
1505.00, 27.80
1651.00, 28.00
1727.00, 28.20
1707.00, 28.40
1638.00, 28.60
1656.00, 28.80
1755.00, 29.00
1825.00, 29.20
1845.00, 29.40
1881.00, 29.60
1856.00, 29.80
1886.00, 30.00
1898.00, 30.20
1857.00, 30.40
1848.00, 30.60
1794.00, 30.80
1952.00, 31.00
2000.00, 31.20
1991.00, 31.40
1980.00, 31.60
2026.00, 31.80
2074.00, 32.00
2046.00, 32.20
2101.00, 32.40
2104.00, 32.60
2072.00, 32.80
2150.00, 33.00
2195.00, 33.20
2173.00, 33.40
2201.00, 33.60
2194.00, 33.80
2306.00, 34.00
2382.00, 34.20
2331.00, 34.40
2303.00, 34.60
2202.00, 34.80
2332.00, 35.00
2308.00, 35.20
2299.00, 35.40
2312.00, 35.60
2357.00, 35.80
2447.00, 36.00
2414.00, 36.20
2455.00, 36.40
2441.00, 36.60
2516.00, 36.80
2620.00, 37.00
2574.00, 37.20
2524.00, 37.40
2564.00, 37.60
2438.00, 37.80
2620.00, 38.00
2619.00, 38.20
2588.00, 38.40
2621.00, 38.60
2690.00, 38.80
2814.00, 39.00
2774.00, 39.20
2718.00, 39.40
2722.00, 39.60
2680.00, 39.80
2795.00, 40.00
2807.00, 40.20
2763.00, 40.40
2822.00, 40.60
2770.00, 40.80
2931.00, 41.00
2911.00, 41.20
2847.00, 41.40
2865.00, 41.60
2848.00, 41.80
3029.00, 42.00
2992.00, 42.20
3002.00, 42.40
2995.00, 42.60
3030.00, 42.80
3112.00, 43.00
3122.00, 43.20
3137.00, 43.40
3089.00, 43.60
3006.00, 43.80
3216.00, 44.00
3186.00, 44.20
3174.00, 44.40
3211.00, 44.60
3189.00, 44.80
3372.00, 45.00
3377.00, 45.20
3309.00, 45.40
3235.00, 45.60
3284.00, 45.80
3407.00, 46.00
3346.00, 46.20
3338.00, 46.40
3362.00, 46.60
3396.00, 46.80
3459.00, 47.00
3482.00, 47.20
3440.00, 47.40
3485.00, 47.60
3448.00, 47.80
3545.00, 48.00
3555.00, 48.20
3443.00, 48.40
3516.00, 48.60
3529.00, 48.80
3669.00, 49.00
3641.00, 49.20
3636.00, 49.40
3641.00, 49.60
3666.00, 49.80
3760.00, 50.00
3699.00, 50.20
3744.00, 50.40
3757.00, 50.60
3769.00, 50.80
3867.00, 51.00
3797.00, 51.20
3731.00, 51.40
3799.00, 51.60
3846.00, 51.80
3946.00, 52.00
3985.00, 52.20
3909.00, 52.40
3948.00, 52.60
3972.00, 52.80
4025.00, 53.00
4052.00, 53.20
4014.00, 53.40
3989.00, 53.60
3920.00, 53.80
4093.00, 54.00
4076.00, 54.20
4095.00, 54.40
4095.00, 54.60
4095.00, 54.80
4025.00, 55.00
4090.00, 55.20
4032.00, 55.40
4030.00, 55.60
4064.00, 55.80
3960.00, 56.00
3877.00, 56.20
3873.00, 56.40
3898.00, 56.60
3971.00, 56.80
3816.00, 57.00
3802.00, 57.20
3934.00, 57.40
3788.00, 57.60
3820.00, 57.80
3773.00, 58.00
3756.00, 58.20
3818.00, 58.40
3800.00, 58.60
3793.00, 58.80
3669.00, 59.00
3664.00, 59.20
3648.00, 59.40
3647.00, 59.60
3645.00, 59.80
3518.00, 60.00
3580.00, 60.20
3609.00, 60.40
3567.00, 60.60
3612.00, 60.80
3490.00, 61.00
3534.00, 61.20
3453.00, 61.40
3468.00, 61.60
3461.00, 61.80
3362.00, 62.00
3306.00, 62.20
3374.00, 62.40
3399.00, 62.60
3379.00, 62.80
3303.00, 63.00
3277.00, 63.20
3345.00, 63.40
3304.00, 63.60
3247.00, 63.80
3206.00, 64.00
3193.00, 64.20
3107.00, 64.40
3117.00, 64.60
3147.00, 64.80
3059.00, 65.00
3110.00, 65.20
3043.00, 65.40
3098.00, 65.60
3105.00, 65.80
3078.00, 66.00
3052.00, 66.20
2993.00, 66.40
2988.00, 66.60
2921.00, 66.80
2805.00, 67.00
2908.00, 67.20
2875.00, 67.40
2901.00, 67.60
2916.00, 67.80
2911.00, 68.00
2869.00, 68.20
2798.00, 68.40
2816.00, 68.60
2818.00, 68.80
2672.00, 69.00
2663.00, 69.20
2660.00, 69.40
2731.00, 69.60
2733.00, 69.80
2641.00, 70.00
2646.00, 70.20
2730.00, 70.40
2695.00, 70.60
2681.00, 70.80
2539.00, 71.00
2533.00, 71.20
2553.00, 71.40
2462.00, 71.60
2506.00, 71.80
2432.00, 72.00
2407.00, 72.20
2417.00, 72.40
2425.00, 72.60
2448.00, 72.80
2360.00, 73.00
2323.00, 73.20
2378.00, 73.40
2349.00, 73.60
2285.00, 73.80
2253.00, 74.00
2253.00, 74.20
2203.00, 74.40
2169.00, 74.60
2341.00, 74.80
2163.00, 75.00
2172.00, 75.20
2183.00, 75.40
2200.00, 75.60
2166.00, 75.80
1936.00, 76.00
2095.00, 76.20
2084.00, 76.40
1999.00, 76.60
2126.00, 76.80
2014.00, 77.00
1923.00, 77.20
1992.00, 77.40
2000.00, 77.60
1956.00, 77.80
1862.00, 78.00
1948.00, 78.20
1923.00, 78.40
1874.00, 78.60
1907.00, 78.80
1813.00, 79.00
1713.00, 79.20
1788.00, 79.40
1843.00, 79.60
1723.00, 79.80
1687.00, 80.00
1776.00, 80.20
1749.00, 80.40
1631.00, 80.60
1744.00, 80.80
1578.00, 81.00
1520.00, 81.20
1598.00, 81.40
1627.00, 81.60
1574.00, 81.80
1580.00, 82.00
1488.00, 82.20
1486.00, 82.40
1517.00, 82.60
1515.00, 82.80
1399.00, 83.00
1359.00, 83.20
1444.00, 83.40
1447.00, 83.60
1354.00, 83.80
1324.00, 84.00
1335.00, 84.20
1244.00, 84.40
1330.00, 84.60
1369.00, 84.80
1171.00, 85.00
1211.00, 85.20
1227.00, 85.40
1252.00, 85.60
1183.00, 85.80
1039.00, 86.00
1112.00, 86.20
1134.00, 86.40
1056.00, 86.60
1121.00, 86.80
1094.00, 87.00
1047.00, 87.20
1066.00, 87.40
1050.00, 87.60
1044.00, 87.80
941.00, 88.00
914.00, 88.20
932.00, 88.40
954.00, 88.60
978.00, 88.80
845.00, 89.00
779.00, 89.20
853.00, 89.40
911.00, 89.60
867.00, 89.80
645.00, 90.00
796.00, 90.20
785.00, 90.40
718.00, 90.60
797.00, 90.80
715.00, 91.00
668.00, 91.20
654.00, 91.40
682.00, 91.60
643.00, 91.80
527.00, 92.00
509.00, 92.20
558.00, 92.40
604.00, 92.60
571.00, 92.80
480.00, 93.00
508.00, 93.20
533.00, 93.40
551.00, 93.60
484.00, 93.80
423.00, 94.00
425.00, 94.20
363.00, 94.40
373.00, 94.60
392.00, 94.80
327.00, 95.00
367.00, 95.20
367.00, 95.40
371.00, 95.60
370.00, 95.80
266.00, 96.00
274.00, 96.20
246.00, 96.40
287.00, 96.60
279.00, 96.80
210.00, 97.00
163.00, 97.20
225.00, 97.40
221.00, 97.60
231.00, 97.80
192.00, 98.00
207.00, 98.20
201.00, 98.40
186.00, 98.60
196.00, 98.80
154.00, 99.00
139.00, 99.20
125.00, 99.40
132.00, 99.60
140.00, 99.80
126.00, 100.00
124.00, 100.20
115.00, 100.40
111.00, 100.60
168.00, 100.80
95.00, 101.00
97.00, 101.20
98.00, 101.40
94.00, 101.60
80.00, 101.80
73.00, 102.00
72.00, 102.20
57.00, 102.40
71.00, 102.60
83.00, 102.80
45.00, 103.00
51.00, 103.20
47.00, 103.40
49.00, 103.60
45.00, 103.80
18.00, 104.00
21.00, 104.20
30.00, 104.40
28.00, 104.60
22.00, 104.80
13.00, 105.00
23.00, 105.20
19.00, 105.40
13.00, 105.60
12.00, 105.80
0.00, 106.00
0.00, 106.20
0.00, 106.40
0.00, 106.60
0.00, 106.80
0.00, 107.00
0.00, 107.20
0.00, 107.40
0.00, 107.60
0.00, 107.80
