0.00
0.00
0.00
0.00
0.00
0.02
0.02
0.02
0.02
0.02
0.05
0.05
0.05
0.05
0.05
0.07
0.07
0.07
0.07
0.07
0.09
0.09
0.09
0.09
0.09
0.11
0.11
0.11
0.11
0.11
0.14
0.14
0.14
0.14
0.14
0.16
0.16
0.16
0.16
0.16
0.18
0.18
0.18
0.18
0.18
0.21
0.21
0.21
0.21
0.21
0.23
0.23
0.23
0.23
0.23
0.25
0.25
0.25
0.25
0.25
0.27
0.27
0.27
0.27
0.27
0.30
0.30
0.30
0.30
0.30
0.32
0.32
0.32
0.32
0.32
0.34
0.34
0.34
0.34
0.34
0.37
0.37
0.37
0.37
0.37
0.39
0.39
0.39
0.39
0.39
0.41
0.41
0.41
0.41
0.41
0.43
0.43
0.43
0.43
0.43
0.46
0.46
0.46
0.46
0.46
0.48
0.48
0.48
0.48
0.48
0.50
0.50
0.50
0.50
0.50
0.53
0.53
0.53
0.53
0.53
0.55
0.55
0.55
0.55
0.55
0.57
0.57
0.57
0.57
0.57
0.60
0.60
0.60
0.60
0.60
0.62
0.62
0.62
0.62
0.62
0.64
0.64
0.64
0.64
0.64
0.66
0.66
0.66
0.66
0.66
0.69
0.69
0.69
0.69
0.69
0.71
0.71
0.71
0.71
0.71
0.73
0.73
0.73
0.73
0.73
0.76
0.76
0.76
0.76
0.76
0.78
0.78
0.78
0.78
0.78
0.80
0.80
0.80
0.80
0.80
0.82
0.82
0.82
0.82
0.82
0.85
0.85
0.85
0.85
0.85
0.87
0.87
0.87
0.87
0.87
0.89
0.89
0.89
0.89
0.89
0.92
0.92
0.92
0.92
0.92
0.94
0.94
0.94
0.94
0.94
0.96
0.96
0.96
0.96
0.96
0.98
0.98
0.98
0.98
0.98
1.01
1.01
1.01
1.01
1.01
1.03
1.03
1.03
1.03
1.03
1.05
1.05
1.05
1.05
1.05
1.08
1.08
1.08
1.08
1.08
1.10
1.10
1.10
1.10
1.10
1.12
1.12
1.12
1.12
1.12
1.14
1.14
1.14
1.14
1.14
1.17
1.17
1.17
1.17
1.17
1.19
1.19
1.19
1.19
1.19
1.21
1.21
1.21
1.21
1.21
1.24
1.24
1.24
1.24
1.24
1.21
1.21
1.21
1.21
1.21
1.19
1.19
1.19
1.19
1.19
1.17
1.17
1.17
1.17
1.17
1.14
1.14
1.14
1.14
1.14
1.12
1.12
1.12
1.12
1.12
1.10
1.10
1.10
1.10
1.10
1.08
1.08
1.08
1.08
1.08
1.05
1.05
1.05
1.05
1.05
1.03
1.03
1.03
1.03
1.03
1.01
1.01
1.01
1.01
1.01
0.98
0.98
0.98
0.98
0.98
0.96
0.96
0.96
0.96
0.96
0.94
0.94
0.94
0.94
0.94
0.92
0.92
0.92
0.92
0.92
0.89
0.89
0.89
0.89
0.89
0.87
0.87
0.87
0.87
0.87
0.85
0.85
0.85
0.85
0.85
0.82
0.82
0.82
0.82
0.82
0.80
0.80
0.80
0.80
0.80
0.78
0.78
0.78
0.78
0.78
0.76
0.76
0.76
0.76
0.76
0.73
0.73
0.73
0.73
0.73
0.71
0.71
0.71
0.71
0.71
0.69
0.69
0.69
0.69
0.69
0.66
0.66
0.66
0.66
0.66
0.64
0.64
0.64
0.64
0.64
0.62
0.62
0.62
0.62
0.62
0.60
0.60
0.60
0.60
0.60
0.57
0.57
0.57
0.57
0.57
0.55
0.55
0.55
0.55
0.55
0.53
0.53
0.53
0.53
0.53
0.50
0.50
0.50
0.50
0.50
0.48
0.48
0.48
0.48
0.48
0.46
0.46
0.46
0.46
0.46
0.43
0.43
0.43
0.43
0.43
0.41
0.41
0.41
0.41
0.41
0.39
0.39
0.39
0.39
0.39
0.37
0.37
0.37
0.37
0.37
0.34
0.34
0.34
0.34
0.34
0.32
0.32
0.32
0.32
0.32
0.30
0.30
0.30
0.30
0.30
0.27
0.27
0.27
0.27
0.27
0.25
0.25
0.25
0.25
0.25
0.23
0.23
0.23
0.23
0.23
0.21
0.21
0.21
0.21
0.21
0.18
0.18
0.18
0.18
0.18
0.16
0.16
0.16
0.16
0.16
0.14
0.14
0.14
0.14
0.14
0.11
0.11
0.11
0.11
0.11
0.09
0.09
0.09
0.09
0.09
0.07
0.07
0.07
0.07
0.07
0.05
0.05
0.05
0.05
0.05
0.02
0.02
0.02
0.02
0.02
